Retrieved line of length 144 :
»ʢ214յ (  ѧ) ͳʲ14ڴ˼еŷ˵˹֮䡰ϵӡ˫ڷ磬ֺܱ
parsed data 234 : »    ʢ  2  14     (            ѧ    )     ͳ  ʲ  14    ˼            ˵        ˹  ֮    ϵ        ˫                  
 
0 »(4) (0,4)
1 (2) (4,6)
2 ʢ(6) (6,12)
3 2(3) (12,15)
4 14(4) (15,19)
5 (2) (19,21)
6 (0) (21,21)
7 (0) (21,21)
8 (4) (21,25)
9 (0) (25,25)
10 (1) (25,26)
11 (2) (26,28)
12 (0) (28,28)
13 (1) (28,29)
14 ѧ(2) (29,31)
15 (2) (31,33)
16 )(1) (33,34)
17 (0) (34,34)
18 (3) (34,37)
19 ͳ(4) (37,41)
20 ʲ(4) (41,45)
21 14(4) (45,49)
22 (2) (49,51)
23 ˼(4) (51,55)
24 (4) (55,59)
25 (2) (59,61)
26 (4) (61,65)
27 (6) (65,71)
28 (2) (71,73)
29 ˵(2) (73,75)
30 (2) (75,77)
31 (4) (77,81)
32 (2) (81,83)
33 ˹(6) (83,89)
34 ֮(4) (89,93)
35 (2) (93,95)
36 ϵ(4) (95,99)
37 (4) (99,103)
38 (2) (103,105)
39 (2) (105,107)
40 ˫(4) (107,111)
41 (4) (111,115)
42 (4) (115,119)
43 (2) (119,121)
44 (2) (121,123)
45 (2) (123,125)
46 (4) (125,129)
47 (4) (129,133)
48 (2) (133,135)
parsed result is  
